01095375
01100627
01139800
01192883
01470500
01494850
01559000
01652500
01661350
02087580
02181580
02191300
02196999
02202500
02203700
02204070
02206020
02207130
02213500
02217274
02226362
02231284
02294898
02299450
02303800
02306774
02308950
02318380
02334770
02336120
02336986
02341800
02344478
02351100
02385500
02388525
02391860
02397410
02483000
04040500
04085108
04282525
03007800
03012550
03031500
03058000
03072655
03078000
03098700
03112000
03116077
03144816
03177120
03190000
03197000
03200500
03203600
03209500
03213700
03251500
03274650
03281000
03284000
03289200
03295890
03303280
03314000
03325000
03332555
03342500
03353670
03364000
03374100
03403910
03410500
03430550
03434500
03612600
03451500
03535000
03567340
03575700
03575980
03610000
05301000
05423500
05430175
05527800
05530990
05591400
07017200
07031692
07358250
07360200
07377600
07379050
07380200
08014800
06412250
06422500
06437330
06610740
06610788
06803170
06893970
06897500
06905500
06909500
06918493
06921500
06932000
06935890
07050500
07055607
07069000
07074500
07076634
07105000
07154500
07176950
07189100
07191179
07195500
07197360
07232470
07249800
07251500
07260500
07295450
07311000
07313585
07324200
07329700
07340000
07343000
08030520
08032000
08036500
08044500
08047500
08067070
08068700
08072350
08083240
08099500
08101340
08107950
08117370
08119500
08146000
08158700
08166700
08172000
08174970
08178000
08178871
08180800
08187500
08190500
08196300
08202700
08474115
08380500
08446500
08458980
09010500
09036000
09059500
09070000
09147000
09166500
09379500
09383400
09394500
09424900
09469500
09497500
09498503
09503700
09511300
09516500
10109000
10172700
12056500
